["Aspect source",
"[[0.0, 0.0], [1.0, 40.0], [2.0, 60.0], [3.0, 72.0], [4.0, 80.0], [5.0, 90.0], [6.0, 120.0], [7.0, 144.0], [8.0, 180.0]]",
"Aspect enable",
"[0.0, 40.0, 72.0, 80.0, 144.0, 180.0, 120.0, 90.0, 60.0]",
"Orbs table",
{"0.0": "[[0, 1.0], [1, 1.0], [2, 1.0], [3, 1.0], [4, 1.0], [5, 1.0], [6, 1.0], [7, 1.0], [8, 1.0], [9, 1.0], [11, 1.0], [23, 1.0], [12, 1.0], [56, 1.0], [57, 1.0], [15, 1.0], [-4, 1.0]]",
"40.0": "[[0, 1.0], [1, 1.0], [2, 1.0], [3, 1.0], [4, 1.0], [5, 1.0], [6, 1.0], [7, 1.0], [8, 1.0], [9, 1.0], [11, 1.0], [23, 1.0], [12, 1.0], [56, 1.0], [57, 1.0], [15, 1.0], [-4, 1.0]]",
"60.0": "[[0, 1.0], [1, 1.0], [2, 1.0], [3, 1.0], [4, 1.0], [5, 1.0], [6, 1.0], [7, 1.0], [8, 1.0], [9, 1.0], [11, 1.0], [23, 1.0], [12, 1.0], [56, 1.0], [57, 1.0], [15, 1.0], [-4, 1.0]]",
"72.0": "[[0, 1.0], [1, 1.0], [2, 1.0], [3, 1.0], [4, 1.0], [5, 1.0], [6, 1.0], [7, 1.0], [8, 1.0], [9, 1.0], [11, 1.0], [23, 1.0], [12, 1.0], [56, 1.0], [57, 1.0], [15, 1.0], [-4, 1.0]]",
"80.0": "[[0, 1.0], [1, 1.0], [2, 1.0], [3, 1.0], [4, 1.0], [5, 1.0], [6, 1.0], [7, 1.0], [8, 1.0], [9, 1.0], [11, 1.0], [23, 1.0], [12, 1.0], [56, 1.0], [57, 1.0], [15, 1.0], [-4, 1.0]]",
"90.0": "[[0, 1.0], [1, 1.0], [2, 1.0], [3, 1.0], [4, 1.0], [5, 1.0], [6, 1.0], [7, 1.0], [8, 1.0], [9, 1.0], [11, 1.0], [23, 1.0], [12, 1.0], [56, 1.0], [57, 1.0], [15, 1.0], [-4, 1.0]]",
"120.0": "[[0, 1.0], [1, 1.0], [2, 1.0], [3, 1.0], [4, 1.0], [5, 1.0], [6, 1.0], [7, 1.0], [8, 1.0], [9, 1.0], [11, 1.0], [23, 1.0], [12, 1.0], [56, 1.0], [57, 1.0], [15, 1.0], [-4, 1.0]]",
"144.0": "[[0, 1.0], [1, 1.0], [2, 1.0], [3, 1.0], [4, 1.0], [5, 1.0], [6, 1.0], [7, 1.0], [8, 1.0], [9, 1.0], [11, 1.0], [23, 1.0], [12, 1.0], [56, 1.0], [57, 1.0], [15, 1.0], [-4, 1.0]]",
"180.0": "[[0, 1.0], [1, 1.0], [2, 1.0], [3, 1.0], [4, 1.0], [5, 1.0], [6, 1.0], [7, 1.0], [8, 1.0], [9, 1.0], [11, 1.0], [23, 1.0], [12, 1.0], [56, 1.0], [57, 1.0], [15, 1.0], [-4, 1.0]]"},
"For cuspids",
"[[0.0, 1.0], [60.0, 1.0], [90.0, 1.0], [120.0, 1.0], [180.0, 1.0], [72.0, 1.0], [144.0, 1.0], [40.0, 1.0], [80.0, 1.0]]",
"For stars",
"[[0.0, 1.0], [1.0, 0.5], [2.0, 0.3], [3.0, 0.2], [4.0, 0.1]]",
"Aspect point",
"[[0.0, 0.0], [60.0, 0], [90.0, 0.0], [120.0, 0.0], [180.0, 0.0], [72.0, 0], [144.0, 0.0], [40.0, 0], [80.0, 0.0]]",
"Symbol",
"[[-1, \"\\u00f8\"], [0.0, \"q\"], [60.0, \"t\"], [90.0, \"r\"], [120.0, \"e\"], [180.0, \"w\"], [72.0, \"Q\"], [144.0, \"BQ\"], [40.0, \"N\"], [80.0, \"BN\"]]",
"Color",
"[[-1, \"#008000\"], [0.0, \"#008000\"], [60.0, \"#F00000\"], [90.0, \"#000000\"], [120.0, \"#F00000\"], [180.0, \"#000000\"], [72.0, \"#00C800\"], [144.0, \"#00C800\"], [40.0, \"#0080FF\"], [80.0, \"#0080FF\"]]",
"Font type",
"[[-1, 1], [0.0, 1], [60.0, 1], [90.0, 1], [120.0, 1], [180.0, 1], [72.0, 0], [144.0, 0], [40.0, 0], [80.0, 0]]",
"Dash",
"[[-1, null], [0.0, null], [60.0, null], [90.0, null], [120.0, null], [180.0, null], [72.0, null], [144.0, null], [40.0, null], [80.0, null]]"]